1 1 1 1 1 1 1 1 0 0 0 0 1 1 1 1 1 1 1 1 1 1 1 1 1 1 1 1 1 1 1 1 1 1 1 1 1 1 1 1 1 1 0 0 0 1 1 1 
1 1 1 1 1 1 1 0 0 0 0 0 0 1 1 1 1 1 0 0 1 1 1 1 1 6 5 5 5 5 5 5 5 5 5 4 1 1 1 1 1 0 0 0 0 0 0 1 
1 1 1 1 1 1 1 0 0 0 0 0 0 1 1 1 1 0 0 0 0 1 1 1 1 4 1 1 1 3 1 1 1 1 1 4 1 1 1 1 1 0 0 0 0 0 0 0 
1 1 1 1 1 1 1 1 0 0 0 0 0 1 1 1 1 0 0 0 0 0 1 1 1 4 1 1 1 1 1 1 1 1 3 4 1 1 1 1 1 0 0 0 0 0 0 0 
1 1 1 1 1 1 1 1 1 0 0 0 0 0 1 1 1 0 0 0 0 0 1 1 1 4 1 1 3 1 1 1 1 1 1 4 1 1 1 1 1 0 0 0 0 0 0 1 
1 1 1 1 1 1 1 1 1 0 0 0 0 0 1 7 7 7 7 7 7 7 7 7 7 7 7 7 7 7 7 1 1 3 1 4 1 1 1 1 1 0 0 0 0 0 0 1 
1 1 1 1 1 1 1 1 1 1 0 0 0 0 1 7 0 0 0 1 1 1 1 0 0 4 1 1 1 1 3 1 3 1 1 4 1 1 1 1 1 0 0 0 1 1 0 1 
1 1 1 1 1 1 1 1 1 1 1 0 0 1 1 7 0 0 1 1 1 1 0 0 0 4 1 1 1 3 1 1 3 1 3 4 1 1 1 1 1 1 0 1 1 0 0 0 
1 1 1 1 1 1 1 1 1 1 1 0 0 1 1 7 0 1 1 1 0 0 0 0 0 4 1 1 1 1 1 1 1 3 1 4 1 1 1 1 1 1 1 0 0 0 0 0 
1 1 1 1 1 1 1 1 1 1 0 0 0 1 1 7 0 0 1 0 0 0 0 0 0 5 5 5 5 5 5 5 5 5 5 0 1 1 1 1 1 1 1 0 0 0 0 0 
1 1 1 1 1 1 1 1 1 0 0 0 0 0 1 7 0 0 0 0 0 0 0 0 0 1 1 1 1 1 1 1 1 1 1 1 1 1 1 1 1 1 1 1 0 0 0 1 
1 1 1 1 6 5 5 5 5 5 5 5 5 5 4 7 1 1 0 0 0 0 0 0 0 1 1 1 1 1 1 1 1 1 1 1 1 1 1 1 1 1 1 1 1 1 1 1 
1 1 1 1 4 1 1 1 1 3 0 3 0 1 4 7 1 0 0 0 0 1 1 0 0 1 1 1 1 1 1 1 1 1 1 1 1 1 1 6 5 5 5 5 5 5 5 4 
1 1 1 1 4 1 1 1 1 1 0 3 1 1 4 7 0 0 0 0 0 1 0 0 1 1 1 1 1 1 1 1 1 1 1 1 1 1 1 4 3 1 3 1 1 1 1 4 
1 1 1 1 4 1 1 1 1 1 1 3 0 0 4 7 0 0 0 0 0 0 0 0 1 1 1 1 1 1 1 1 0 0 0 1 1 1 1 4 1 1 1 1 1 1 3 4 
1 1 1 1 4 3 3 1 1 3 1 0 0 0 4 7 0 0 0 0 0 0 0 0 1 1 1 1 1 1 1 0 0 0 0 0 1 1 1 4 3 3 1 3 1 1 1 4 
1 1 0 0 4 1 1 3 1 7 7 7 7 7 7 7 7 7 7 7 7 7 7 7 7 7 7 7 7 7 7 7 7 7 7 7 7 7 7 7 7 7 7 7 1 3 1 4 
1 0 0 0 4 1 1 1 1 1 1 3 1 0 4 7 0 0 0 0 1 1 0 0 0 0 0 0 0 0 0 1 1 0 0 7 0 1 1 4 1 1 1 7 1 1 1 4 
0 0 0 0 4 1 1 1 1 3 1 1 1 0 4 7 0 0 0 0 1 1 1 0 0 0 1 0 0 0 0 0 1 1 1 7 0 0 1 4 1 1 0 7 1 1 1 4 
0 0 0 0 4 1 1 1 1 1 1 1 3 1 4 7 0 0 0 1 1 1 1 1 1 1 1 1 1 0 0 0 1 1 1 7 0 0 1 4 1 3 0 7 0 1 3 4 
1 0 0 1 4 3 1 1 3 0 0 0 1 0 4 7 0 0 0 0 0 1 1 1 1 1 1 1 1 0 0 1 1 1 1 7 0 0 0 5 5 5 5 7 5 5 5 0 
1 1 1 1 5 5 5 5 5 5 5 5 5 5 0 7 0 0 0 0 0 0 1 1 1 1 1 1 1 0 0 0 0 1 0 7 0 0 0 0 0 1 0 7 1 1 1 1 
1 1 1 1 1 1 1 1 0 0 0 0 0 0 1 7 0 0 0 1 0 0 1 1 1 1 1 1 1 0 0 0 0 0 0 7 1 1 0 0 1 1 1 7 1 1 1 1 
1 1 1 1 1 1 1 1 0 0 0 0 0 1 1 7 0 0 1 1 0 1 1 1 1 1 1 1 1 0 0 0 0 1 0 7 1 1 1 1 1 1 1 7 1 1 1 1 
1 1 1 1 1 1 1 1 1 0 0 0 0 1 1 7 1 1 1 0 0 1 1 1 1 1 1 1 1 0 0 0 1 0 1 7 0 1 1 1 1 1 1 7 1 1 1 1 
1 1 1 1 1 1 1 1 1 1 0 0 1 1 1 7 1 1 1 0 0 1 1 1 1 1 1 1 1 0 0 0 0 1 0 7 0 0 1 1 1 1 1 7 1 1 1 1 
1 1 1 1 1 1 1 1 1 1 1 1 1 1 1 7 1 1 1 1 0 1 1 1 1 1 1 1 1 1 6 5 5 5 5 7 5 5 5 5 4 1 1 7 1 1 1 1 
1 1 1 1 1 1 1 1 1 1 1 1 1 1 1 7 1 1 1 0 0 1 1 1 1 1 1 1 1 1 4 1 3 1 0 7 0 0 0 1 4 1 1 7 1 1 1 1 
1 1 1 1 1 1 1 1 1 1 1 1 1 1 1 7 1 1 0 0 0 1 1 1 1 1 1 1 1 1 4 1 1 1 1 7 1 3 0 3 4 1 1 7 1 1 1 1 
1 1 1 1 1 1 1 1 1 1 1 1 1 1 1 7 1 0 0 0 0 0 0 0 1 1 1 1 1 1 4 1 1 1 1 7 0 0 0 0 4 1 1 7 1 1 1 1 
1 1 1 1 1 1 1 1 1 1 1 1 1 1 1 7 1 0 0 0 0 0 0 0 0 1 1 1 1 1 4 1 1 1 3 7 0 0 0 0 4 1 1 7 1 1 1 1 
1 1 1 1 1 1 1 1 1 1 1 1 1 1 1 7 1 1 0 0 0 0 0 0 0 0 1 1 1 1 4 1 1 0 0 7 0 0 0 0 4 1 1 7 1 1 1 1 
1 1 1 1 0 0 1 1 1 1 1 1 1 1 1 7 1 1 1 0 0 0 0 0 0 0 1 1 1 1 4 1 1 3 3 3 0 1 0 3 4 1 1 7 1 1 1 1 
1 1 1 0 0 0 0 1 1 0 0 1 1 1 1 7 1 1 1 0 0 0 0 0 0 0 1 1 1 1 4 1 1 1 0 0 1 1 1 1 4 0 1 7 1 1 1 1 
1 1 0 0 0 0 0 0 0 0 0 0 1 1 1 7 1 1 1 0 0 0 0 0 0 1 1 1 1 1 4 1 1 1 1 3 1 1 1 0 4 0 0 7 1 1 1 1 
1 0 0 1 1 1 0 0 0 0 0 0 1 1 1 7 1 1 1 1 0 0 0 0 1 1 1 1 1 1 4 1 1 1 1 1 1 1 1 3 4 0 0 7 1 1 1 1 
1 0 0 0 1 0 0 0 0 0 6 5 5 5 5 7 5 5 5 5 4 1 1 1 1 1 1 1 1 1 5 5 5 5 5 5 5 5 5 5 0 0 1 7 1 1 1 1 
1 0 0 0 0 0 0 0 0 0 4 1 1 1 1 7 3 1 1 1 4 1 1 1 1 1 1 1 1 1 1 1 1 1 1 1 1 1 1 1 1 1 1 7 1 1 1 1 
1 1 0 0 0 0 0 0 0 0 4 3 1 3 1 7 1 1 1 1 4 1 1 1 1 1 1 1 1 1 1 0 0 1 1 1 1 1 1 1 1 1 1 7 1 1 1 1 
1 1 1 1 0 0 0 0 0 0 4 3 1 1 1 7 1 1 1 1 4 1 1 1 1 1 1 1 1 1 0 0 0 0 0 0 1 1 1 1 1 1 1 7 1 1 1 1 
1 1 1 1 1 0 0 0 1 1 4 1 1 3 1 7 1 1 1 1 4 1 1 1 1 1 1 1 1 0 0 0 0 0 0 0 0 0 0 0 1 1 1 7 1 1 1 1 
1 1 0 0 0 0 0 0 1 1 4 3 3 1 1 7 7 7 7 7 7 7 7 7 7 7 7 7 7 7 7 7 7 7 7 7 7 7 7 7 7 7 7 7 1 1 1 1 
1 0 0 0 1 0 0 1 1 1 4 1 0 0 0 1 1 1 3 1 4 1 1 1 1 1 1 1 1 1 0 0 0 1 1 0 0 0 0 0 0 0 0 0 0 1 1 1 
1 0 0 0 1 1 1 1 1 1 4 0 0 3 0 0 3 1 3 1 4 1 1 1 1 1 1 1 1 1 1 1 1 1 1 0 0 0 0 0 0 0 0 0 0 1 1 1 
1 0 0 0 1 0 0 0 0 0 4 1 0 0 0 0 1 1 1 1 4 1 1 1 1 1 1 1 1 1 1 1 1 1 1 1 0 0 0 0 1 0 0 0 1 1 1 1 
1 1 0 0 0 0 0 0 0 0 4 1 0 3 0 0 1 1 1 1 4 1 1 1 1 1 1 1 1 1 1 1 1 1 1 1 1 0 0 1 1 1 1 1 1 1 1 1 
1 1 1 0 0 0 0 0 0 0 5 5 5 5 5 5 5 5 5 5 0 1 1 1 1 1 1 1 1 1 1 1 1 1 1 1 1 1 1 1 1 1 1 1 1 1 1 1 
1 1 1 1 1 1 0 0 1 1 1 1 1 1 1 1 1 1 1 1 1 1 1 1 1 1 1 1 1 1 1 1 1 1 1 1 1 1 1 1 1 1 1 1 1 1 1 1 
