1 1 1 1 1 1 1 1 1 1 1 1 1 1 1 1 1 1 1 1 1 1 1 1 1 1 1 1 1 1 1 1 1 1 1 1 1 1 1 1 1 1 1 1 1 1 1 1 
1 1 1 1 1 1 1 1 1 1 1 1 1 1 1 1 1 1 1 1 1 1 1 1 1 1 1 1 1 1 1 1 1 1 1 1 1 1 1 1 1 1 1 0 0 0 1 1 
1 1 1 1 1 1 1 1 1 1 1 1 1 1 1 1 1 1 1 1 1 1 1 1 1 1 1 1 1 1 1 1 1 1 0 0 0 1 1 1 1 1 0 0 0 0 0 1 
1 1 1 1 1 1 1 1 1 1 1 1 1 1 1 1 0 0 1 1 1 1 6 5 5 5 5 5 5 5 5 4 0 0 0 0 0 0 1 1 1 1 0 0 0 0 0 1 
1 1 6 5 5 5 5 5 5 5 5 4 1 1 1 0 0 0 0 1 1 1 4 10 3 3 3 3 3 14 3 4 0 0 0 0 0 0 1 1 1 0 0 0 0 0 0 1 
1 1 4 12 3 3 3 3 3 1 3 4 6 5 5 5 5 5 5 5 5 4 4 10 14 14 14 14 14 14 3 4 0 0 0 0 0 1 1 1 0 0 0 0 0 0 1 1 
1 1 4 12 1 1 1 1 1 1 3 4 4 13 3 3 3 3 3 1 3 4 4 10 14 14 14 14 14 14 3 4 0 0 0 0 0 1 1 0 0 0 1 0 0 1 1 1 
1 1 4 12 1 1 1 1 1 1 3 4 4 13 1 1 1 1 1 1 3 4 4 10 14 14 14 14 14 14 3 4 0 0 1 6 5 5 5 5 5 5 5 4 0 0 1 1 
1 1 4 12 1 1 1 1 1 1 3 4 4 13 1 1 1 1 1 1 3 4 4 10 14 14 14 14 14 14 3 4 0 0 0 4 12 3 3 3 3 1 3 4 0 0 1 1 
1 1 4 12 1 1 1 1 1 1 3 4 4 13 1 1 1 1 1 1 3 4 4 10 14 14 14 14 14 14 3 4 0 0 0 4 12 1 1 1 1 1 3 4 0 1 1 1 
1 1 4 12 1 1 1 1 1 1 3 4 4 13 1 1 1 1 1 1 3 4 4 1 3 3 3 3 3 1 1 4 1 1 0 4 12 1 1 1 1 1 3 4 0 1 1 1 
1 1 4 1 3 3 3 3 3 1 1 4 4 13 1 1 1 1 1 1 3 4 5 5 5 5 5 5 5 5 5 1 1 1 1 4 12 1 1 1 1 1 3 4 1 1 1 1 
1 1 5 5 5 5 5 5 5 5 5 1 4 13 1 1 1 1 1 1 3 4 0 0 1 1 1 1 1 1 1 1 1 1 1 4 12 1 1 1 1 1 3 4 1 1 1 1 
1 1 1 1 1 1 1 1 1 1 1 1 4 1 3 3 3 3 3 0 0 4 0 0 0 1 1 1 1 1 1 1 1 1 1 4 12 1 1 1 1 1 3 4 1 1 1 1 
1 1 1 1 1 1 1 1 1 1 1 1 5 5 5 5 5 5 5 5 5 1 0 0 0 1 1 1 1 1 1 1 1 1 1 4 1 3 3 3 3 0 0 4 1 1 1 1 
1 1 1 1 1 1 1 1 1 1 1 1 1 1 1 1 1 0 0 0 0 0 0 0 0 1 1 1 1 1 1 1 1 6 5 5 5 5 5 5 5 5 4 1 0 1 1 1 
1 1 1 1 1 1 1 1 1 1 1 1 1 1 1 1 1 1 1 1 0 0 1 1 0 1 1 1 1 1 1 1 1 4 12 3 3 3 3 3 1 3 4 0 0 1 1 1 
1 1 1 1 1 1 1 1 1 1 1 1 1 1 1 1 1 1 1 1 1 1 1 0 0 0 0 1 1 1 1 1 1 4 12 1 1 1 1 1 1 3 4 1 1 0 1 1 
1 1 1 6 5 5 5 5 5 5 5 5 4 1 1 1 1 1 1 1 1 1 0 0 0 0 0 0 1 1 1 1 1 4 12 1 1 1 1 1 1 3 4 1 0 0 0 1 
1 1 1 4 13 3 3 3 3 3 1 3 4 1 1 1 1 1 1 1 6 5 5 5 5 5 5 5 4 0 0 1 1 4 12 1 1 1 1 1 1 3 4 0 0 0 0 1 
1 1 1 4 13 1 1 1 1 1 1 3 4 1 1 1 1 1 1 1 4 13 3 3 3 3 1 3 4 0 0 0 1 4 12 1 1 1 1 1 1 3 4 0 0 0 0 1 
1 1 1 4 13 1 1 1 1 1 1 3 4 0 1 1 1 1 1 1 4 13 1 1 1 1 1 3 4 0 0 0 0 4 12 1 1 1 1 1 1 3 4 1 0 0 1 1 
1 1 1 4 13 1 1 1 1 1 1 3 4 0 0 1 1 1 1 1 4 13 1 1 1 1 1 3 4 0 0 0 0 4 1 3 3 3 3 3 1 1 4 1 1 1 1 1 
1 1 1 4 13 1 1 1 1 1 1 3 4 0 0 1 1 1 1 0 4 13 1 1 1 1 1 3 4 1 0 0 1 5 5 5 5 5 5 5 5 5 1 1 1 1 1 1 
1 1 1 4 13 1 1 1 1 1 1 3 4 0 1 0 0 0 0 0 4 13 1 1 1 1 1 3 4 1 1 1 1 1 1 1 1 1 1 1 1 1 1 1 1 1 1 1 
1 1 1 4 13 1 1 1 1 1 1 3 4 0 1 0 0 0 1 1 4 13 1 1 1 1 1 3 4 1 1 1 1 1 1 1 1 1 1 1 1 1 1 1 1 1 1 1 
1 1 1 4 1 3 3 3 3 3 0 0 4 1 1 1 0 0 1 1 4 13 1 1 1 1 1 3 4 1 1 1 1 0 0 1 1 1 1 1 1 1 1 1 1 1 1 1 
1 1 1 5 5 5 5 5 5 5 5 5 1 1 1 1 1 1 0 0 4 0 3 3 3 3 1 1 4 1 1 1 0 0 0 0 0 1 1 1 1 1 1 1 1 1 1 1 
1 1 1 1 1 1 1 1 1 1 1 1 1 1 1 1 1 1 0 0 5 5 5 5 5 5 5 5 1 1 1 1 0 0 0 0 0 0 1 1 1 1 1 1 1 1 1 1 
1 1 1 1 1 1 1 1 1 1 1 1 1 1 1 1 1 0 0 0 0 1 1 0 0 0 1 1 1 1 1 1 1 0 0 0 0 0 0 1 1 1 1 1 1 1 1 1 
1 1 1 1 1 1 1 1 1 1 1 1 1 1 1 1 1 0 0 1 1 0 1 0 0 1 1 1 1 1 1 1 1 1 1 0 0 0 0 1 1 1 1 1 1 1 1 1 
1 1 1 1 1 1 1 1 1 1 1 1 1 1 1 1 1 0 0 1 0 0 0 0 0 0 1 1 1 1 1 1 1 1 1 1 0 0 0 0 1 1 1 1 1 1 1 1 
1 1 1 1 1 1 1 1 1 0 0 0 1 1 1 1 1 0 0 0 1 0 0 0 0 0 0 1 1 1 1 1 1 1 1 0 0 0 0 0 1 1 1 1 1 1 1 1 
1 6 5 5 5 5 5 5 5 5 5 5 5 5 5 5 5 5 5 5 5 5 5 5 5 5 5 5 5 5 5 5 5 5 5 5 5 5 5 5 5 5 5 5 5 5 5 4 
1 4 1 1 1 1 1 1 0 0 0 0 0 1 1 1 1 1 1 1 1 0 0 0 0 0 1 1 1 0 0 0 0 0 0 0 0 0 0 1 1 1 1 1 0 0 1 4 
1 4 1 1 1 1 1 1 0 0 0 0 1 1 1 1 1 1 1 1 1 1 0 0 0 0 0 1 0 0 0 1 0 0 1 1 1 1 1 1 1 1 1 1 0 0 0 4 
1 4 1 1 1 1 1 1 0 0 0 1 1 1 1 1 0 0 0 1 1 1 1 1 0 0 0 0 0 0 1 1 1 1 1 1 1 1 1 1 1 1 1 1 1 0 0 4 
1 4 1 1 1 1 1 1 0 0 1 1 1 1 1 0 0 0 0 0 1 1 1 1 1 0 0 1 1 0 1 1 1 1 1 1 1 1 1 1 1 1 1 1 1 0 0 4 
1 4 1 1 1 1 1 0 0 0 0 1 1 1 1 0 0 0 0 0 1 1 1 1 1 1 1 1 0 0 1 1 1 1 1 1 1 1 1 1 1 1 1 1 0 0 0 4 
1 4 1 1 1 1 1 0 0 0 0 0 1 1 1 1 0 0 0 1 1 1 1 1 1 1 1 1 0 0 1 1 0 0 0 1 1 1 1 1 1 1 1 0 0 0 0 4 
1 4 1 1 1 1 1 0 0 0 0 0 0 1 1 0 0 0 0 0 1 1 1 1 1 1 1 1 1 0 0 0 0 0 0 0 1 1 1 1 1 1 1 0 0 0 0 4 
1 4 1 1 1 1 1 0 0 0 0 0 0 1 1 0 0 0 0 0 1 1 1 1 1 1 1 1 1 0 0 0 0 0 0 0 0 0 1 1 1 1 1 1 0 0 0 4 
1 4 1 1 1 1 1 1 0 0 0 0 0 1 1 1 0 0 0 0 0 0 1 1 1 1 1 1 1 1 0 0 0 0 0 0 0 0 0 0 1 1 1 1 1 1 1 4 
1 4 1 1 1 1 1 1 0 0 0 0 0 0 1 1 0 0 0 0 0 0 0 1 1 1 1 1 1 1 1 1 1 0 0 0 0 1 0 0 0 1 1 1 1 1 1 4 
1 4 1 1 1 1 1 1 1 0 0 0 0 0 1 1 0 0 0 0 0 0 0 1 1 1 1 1 1 1 1 1 1 1 1 0 1 1 0 0 0 0 1 1 1 1 1 4 
1 4 1 1 1 1 1 1 1 1 0 0 0 1 1 1 1 0 0 0 0 0 0 1 1 1 1 1 1 1 1 1 1 1 0 0 0 1 0 0 0 0 1 1 1 1 1 4 
1 5 5 5 5 5 5 5 5 5 5 5 5 5 5 5 5 5 5 5 5 5 5 5 5 5 5 5 5 5 5 5 5 5 5 5 5 5 5 5 5 5 5 5 5 5 5 1 
1 1 1 1 1 1 1 1 1 1 1 1 1 1 1 1 1 1 1 1 1 1 1 1 1 1 1 1 1 1 1 1 1 1 1 0 0 0 0 0 0 1 1 1 1 1 1 1 
