6 5 5 2 5 5 6 5 5 5 5 5 2 4 1 1 1 1 1 1 1 1 1 1 1 1 1 1 1 1 1 1 1 1 1 1 0 0 0 0 1 1 1 1 1 1 1 1 
4 1 1 1 1 1 4 1 3 1 1 1 1 4 1 1 1 1 1 1 1 1 1 1 1 1 1 1 1 1 1 1 1 0 0 0 0 0 0 0 0 1 1 1 1 1 1 1 
4 1 1 1 1 1 4 1 1 1 1 1 1 4 1 1 1 1 1 1 1 1 1 1 1 1 1 1 1 1 1 1 0 0 0 0 0 0 0 0 0 0 0 1 1 1 1 1 
4 0 0 1 1 1 4 1 1 1 1 1 1 4 1 1 1 1 1 0 0 1 1 1 1 1 1 1 0 0 1 1 0 0 0 1 0 0 1 1 0 0 0 0 1 1 1 1 
5 5 2 5 5 5 5 5 5 4 1 1 1 4 1 1 1 1 0 0 0 0 1 1 1 1 1 0 0 0 0 0 0 1 1 1 1 1 1 1 1 0 0 1 1 1 1 1 
1 1 1 1 1 1 1 1 1 4 1 1 1 4 1 0 0 0 0 0 0 0 1 1 1 1 1 0 0 0 0 0 0 1 1 1 1 1 1 1 1 1 1 1 1 1 1 1 
0 0 0 0 1 1 1 1 1 4 1 1 1 4 1 0 0 0 0 0 0 1 1 1 1 1 1 1 0 0 0 0 0 1 1 1 0 0 0 1 1 1 1 1 1 1 1 1 
0 0 0 0 1 1 1 1 1 4 1 1 1 4 1 1 1 1 0 0 0 0 1 0 0 1 1 1 0 0 0 0 0 1 1 0 0 0 0 0 1 1 1 1 1 1 1 1 
1 0 0 0 1 1 1 1 1 4 1 1 1 4 1 1 1 1 0 0 0 0 0 0 0 0 1 1 1 0 0 0 1 1 1 0 0 0 0 0 1 1 1 3 1 1 1 1 
1 1 0 0 1 1 1 1 1 4 1 1 1 4 1 1 1 1 0 0 0 0 0 0 0 0 1 1 0 0 0 1 1 1 1 1 0 0 0 0 1 1 1 1 1 1 1 1 
1 1 1 1 1 1 1 1 1 4 1 1 1 4 1 1 1 0 0 0 0 0 0 1 1 0 0 0 0 0 1 1 1 1 1 1 0 0 0 0 0 1 1 1 1 1 1 1 
1 1 1 1 1 1 1 1 1 4 1 1 1 4 1 1 0 0 0 0 0 0 0 1 1 0 0 0 0 1 1 3 1 1 1 1 1 0 0 0 0 1 1 0 0 0 1 1 
1 1 1 1 1 1 1 1 1 4 1 1 1 5 5 5 5 5 5 5 5 5 5 4 1 1 0 0 0 0 1 1 1 1 1 1 1 1 0 0 0 1 0 0 0 0 0 1 
1 1 1 1 1 1 1 1 1 4 1 1 1 1 1 1 1 1 1 1 1 1 1 4 1 1 1 1 0 0 0 1 1 1 1 1 1 1 1 0 0 0 0 0 0 0 0 0 
1 1 1 1 1 1 1 1 1 4 1 1 1 4 1 1 1 1 1 1 1 1 0 4 1 1 1 0 0 0 0 0 0 0 0 1 1 1 1 1 1 0 0 0 0 0 0 0 
1 1 1 1 1 1 1 1 0 4 1 1 1 4 1 1 1 1 1 1 1 1 1 4 1 1 1 0 0 0 0 0 0 0 0 0 1 1 1 1 1 1 0 0 1 1 0 0 
1 1 1 1 1 1 1 1 1 4 1 1 1 4 0 0 0 0 0 1 1 1 1 4 1 1 1 1 0 0 0 1 0 0 0 0 1 1 1 0 0 1 1 0 1 1 1 1 
1 1 1 1 1 1 1 1 1 5 5 5 5 5 5 5 5 5 5 5 1 1 1 1 1 1 1 1 1 1 1 1 1 1 1 1 0 0 1 0 0 0 1 1 1 1 1 1 
1 1 1 1 1 1 1 0 0 0 1 1 1 0 0 0 0 0 1 1 1 1 1 1 1 1 1 1 1 1 1 1 1 1 1 0 0 0 0 0 0 0 0 1 1 1 1 1 
1 1 1 1 1 1 1 0 0 0 1 1 1 1 0 0 0 1 1 1 1 1 1 1 1 0 0 0 0 1 1 0 0 0 1 0 0 0 1 0 0 0 0 0 1 1 1 1 
1 1 1 1 1 1 1 1 0 0 1 1 1 1 1 1 1 1 1 1 1 0 0 1 1 0 0 0 0 0 0 0 0 0 0 1 0 0 1 1 0 0 0 0 1 1 1 1 
1 1 1 1 1 1 1 1 1 1 1 1 1 1 1 1 1 1 1 1 0 0 0 0 1 1 1 1 0 0 1 1 1 1 1 0 0 0 0 0 0 0 0 1 1 1 1 1 
1 1 1 1 1 1 1 1 1 1 1 1 1 1 1 1 1 1 1 1 0 0 0 0 0 1 1 1 1 1 1 1 1 1 1 1 0 0 0 0 0 0 1 1 1 1 1 1 
1 1 1 1 1 1 1 1 1 1 1 1 1 1 1 1 1 1 1 1 0 0 0 0 1 1 1 1 1 1 1 1 1 1 1 1 1 0 0 0 0 0 1 1 1 1 1 1 
1 1 1 1 1 1 1 1 1 1 1 1 1 1 1 1 1 1 1 1 0 0 0 1 1 1 1 1 1 1 1 1 1 1 1 1 1 1 0 0 0 1 1 1 1 1 1 1 
1 1 1 1 1 1 1 1 1 1 1 1 1 1 1 0 0 1 1 1 0 0 0 1 1 1 1 1 1 1 1 1 1 1 1 1 1 0 0 0 0 1 1 1 1 1 1 1 
1 1 1 1 1 1 1 1 1 1 1 1 1 1 0 0 0 0 1 1 0 0 0 0 0 0 0 1 1 1 1 1 1 1 1 1 0 0 0 0 0 1 1 1 1 1 1 1 
1 1 1 1 1 1 0 0 1 1 1 1 1 1 0 0 0 0 1 1 0 0 0 0 0 0 0 0 1 1 1 1 1 1 1 0 0 0 0 0 1 1 1 1 1 1 1 1 
1 1 1 1 1 0 0 0 0 0 0 1 1 1 1 0 0 0 1 0 0 1 1 0 0 0 0 0 1 1 1 1 1 1 0 0 0 0 0 1 1 1 1 1 1 1 1 1 
1 1 1 1 1 0 0 0 0 0 0 0 1 1 1 1 1 1 0 0 0 1 1 1 0 0 0 1 1 1 1 1 1 1 0 0 0 1 1 1 1 1 1 1 1 1 1 1 
1 1 1 1 1 1 0 0 1 1 1 0 0 1 1 1 1 1 0 0 0 1 1 1 1 1 1 1 1 1 1 1 1 1 1 1 1 1 1 1 1 1 1 1 1 1 1 1 
1 1 1 1 1 0 0 0 0 1 0 0 0 0 1 1 1 1 0 0 1 1 1 1 1 1 1 1 1 1 1 1 1 1 1 1 1 1 1 1 1 1 1 1 1 1 1 1 
1 1 1 1 1 0 0 0 0 0 0 0 0 0 0 1 1 1 0 0 0 1 1 1 1 1 1 1 1 1 1 1 1 1 1 1 1 1 1 1 1 1 1 1 1 1 1 1 
1 1 1 1 1 1 0 0 0 1 1 0 0 0 0 1 1 1 1 0 0 1 1 1 1 1 1 1 1 1 1 1 1 1 1 1 1 1 1 1 1 1 1 1 0 0 1 1 
1 1 1 1 0 0 0 0 0 1 1 0 0 0 0 1 1 1 1 0 0 0 0 1 1 1 1 1 1 1 1 1 1 1 1 1 1 1 1 1 1 1 1 0 0 0 0 1 
1 0 0 0 0 0 0 0 0 0 0 0 0 0 0 0 1 1 1 1 0 0 0 0 0 1 0 0 1 1 1 1 1 1 1 1 1 1 1 1 1 1 0 0 0 0 0 1 
0 0 0 0 0 0 0 0 0 0 0 0 0 0 0 0 1 1 1 0 0 0 0 0 0 0 0 0 0 1 1 1 1 1 1 1 1 1 1 1 1 0 0 0 0 0 0 1 
0 0 0 0 0 0 0 0 0 0 0 0 0 0 0 0 1 1 0 0 0 0 0 0 0 0 0 0 0 0 1 1 1 1 1 1 1 1 1 1 1 0 0 0 0 0 1 1 
0 0 0 0 0 0 0 0 0 0 0 0 0 0 0 0 1 1 0 0 0 0 1 1 0 0 0 1 0 0 1 1 1 1 0 0 1 1 1 1 1 1 0 0 0 0 1 1 
1 0 0 1 1 1 1 1 1 1 0 0 0 0 0 0 0 0 0 0 1 1 1 0 0 0 1 1 0 0 1 1 1 0 0 0 0 1 1 1 1 1 1 0 0 1 1 1 
1 1 1 1 1 1 1 1 1 1 1 1 0 0 0 0 0 0 0 0 1 1 1 0 0 0 1 1 0 0 1 1 1 0 0 0 0 1 1 1 1 1 1 1 1 1 1 1 
1 1 1 1 1 1 1 1 1 1 1 1 1 0 0 1 1 0 0 1 1 1 1 0 0 0 1 0 0 1 1 1 1 1 0 0 1 1 1 1 1 1 1 1 1 1 1 1 
1 1 1 1 1 1 1 1 1 1 1 1 1 1 1 1 1 1 1 1 1 1 1 0 0 0 0 0 1 1 1 1 1 1 1 1 1 1 1 1 1 1 1 1 1 1 1 1 
1 1 1 1 1 1 1 1 1 1 1 1 1 1 1 1 1 1 1 1 1 1 1 1 0 0 0 1 1 1 1 1 1 1 1 1 1 1 1 1 1 1 1 1 1 1 1 1 
1 1 1 1 1 1 1 1 1 1 1 1 1 1 1 1 1 1 1 1 1 1 1 1 1 1 1 1 1 1 1 1 1 1 1 1 1 1 1 1 1 1 1 1 1 1 1 1 
1 1 1 1 1 1 1 1 1 1 1 1 1 1 1 1 1 1 1 1 1 1 1 1 1 1 1 1 1 1 1 1 1 1 1 1 1 1 1 1 1 1 1 1 1 1 1 1 
1 1 1 1 1 1 1 1 1 1 1 1 1 1 1 1 1 1 1 1 1 1 1 1 1 1 1 1 1 1 1 1 1 1 1 1 1 1 1 1 1 1 1 1 1 1 1 1 
1 1 1 1 1 1 1 1 1 1 1 1 1 1 1 1 1 1 1 1 1 1 1 1 1 1 1 1 1 1 1 1 1 1 1 1 1 1 1 1 1 1 1 1 1 1 1 1 
