6 5 5 5 5 5 5 5 5 5 5 5 5 5 5 5 5 5 5 5 
4 1 1 1 1 1 1 1 0 6 5 5 4 0 6 5 5 5 4 1 
4 1 1 1 1 1 1 1 0 4 7 0 4 0 4 3 1 1 4 1 
4 1 1 1 1 1 1 1 1 4 7 0 4 0 4 1 7 7 4 1 
4 1 1 1 1 1 1 1 1 5 2 5 1 1 4 0 1 1 4 1 
4 1 1 1 1 1 1 1 1 1 7 1 1 1 2 5 5 5 1 1 
4 1 1 1 1 1 1 1 1 1 7 1 1 1 7 0 6 5 5 4 
4 1 1 1 1 1 1 1 1 1 7 1 1 1 7 1 4 7 0 4 
4 1 1 1 1 1 1 1 1 1 7 7 7 7 7 7 7 7 0 4 
4 1 1 1 1 1 1 1 6 5 5 4 1 1 7 1 4 0 0 4 
4 1 1 1 1 1 1 0 4 1 7 4 1 1 7 1 5 5 5 1 
4 1 1 1 1 1 1 0 4 7 7 4 1 1 7 1 1 1 1 1 
4 1 1 1 1 1 1 1 4 7 1 4 1 1 7 1 1 1 1 1 
4 1 1 1 1 1 1 1 5 2 5 1 1 1 7 1 1 1 1 1 
4 1 1 1 1 1 1 1 1 7 1 1 0 1 7 0 1 1 1 1 
4 1 1 1 1 1 1 1 1 7 1 1 6 5 2 5 5 4 1 1 
4 1 1 1 1 1 1 1 1 7 7 7 1 7 7 1 1 4 1 1 
4 1 1 1 1 1 1 1 1 1 1 1 4 1 1 1 1 4 1 1 
4 1 1 1 1 1 1 1 1 1 1 1 5 5 5 5 5 1 1 1 
4 1 1 1 1 1 1 1 1 1 1 1 1 1 1 1 1 1 1 1 
