1 1 1 1 1 1 1 1 1 1 1 1 1 1 1 1 1 1 1 1 1 1 1 1 1 1 1 1 1 1 1 1 1 1 1 1 1 1 1 1 1 1 1 1 1 1 1 1 
1 1 1 0 0 1 1 1 1 1 1 1 1 1 1 1 1 1 6 5 5 5 5 5 5 5 5 4 6 5 5 5 5 5 5 5 4 1 1 1 1 1 1 1 1 1 1 1 
1 1 0 0 0 0 1 1 1 1 1 1 1 1 1 1 1 1 4 1 1 1 1 1 1 1 0 4 4 11 3 3 3 3 3 3 4 1 1 1 1 1 1 1 1 1 1 1 
1 1 0 0 0 0 1 1 1 1 1 1 1 1 1 1 1 1 4 0 10 3 3 3 3 3 0 4 4 11 3 3 3 3 3 3 4 1 1 1 1 1 1 1 1 1 1 1 
1 0 0 0 0 0 1 1 1 1 1 1 1 1 1 1 1 1 4 0 10 3 3 3 3 3 1 4 4 11 3 3 3 3 3 3 4 1 1 1 1 1 1 1 1 1 1 1 
1 0 0 0 0 1 1 1 1 1 1 1 1 1 1 1 1 0 4 1 10 3 3 3 3 3 1 4 4 11 3 3 3 3 3 3 4 1 1 1 1 1 1 1 1 1 1 1 
1 1 0 0 1 1 1 1 1 1 1 1 1 1 1 1 0 0 4 1 10 3 3 3 3 3 1 4 4 11 3 3 3 3 3 3 4 1 1 1 1 1 1 1 1 1 1 1 
1 1 6 5 5 5 5 5 5 5 4 1 1 1 1 0 0 0 4 0 10 3 3 3 3 3 0 4 4 11 3 3 3 3 3 3 4 1 1 1 1 1 1 1 1 1 1 1 
1 1 4 1 1 1 1 1 1 1 4 1 1 1 0 0 0 0 4 0 0 3 3 3 0 0 0 4 4 0 3 3 3 3 0 0 4 0 1 1 1 1 1 1 1 1 1 1 
1 1 4 11 3 3 3 3 3 3 4 1 1 1 0 0 0 0 4 1 1 1 1 1 1 0 0 4 5 5 5 5 5 5 5 5 1 0 1 1 1 1 1 1 1 0 0 1 
1 1 4 11 3 3 3 3 3 3 4 1 1 1 1 0 0 0 5 5 5 5 5 5 5 5 5 1 0 0 1 1 1 0 0 0 0 1 1 1 1 1 1 1 0 0 0 0 
1 1 4 11 3 3 3 3 3 3 4 1 1 1 1 1 1 1 1 1 1 1 1 1 1 1 1 1 1 0 1 1 1 1 0 0 6 5 5 5 5 5 5 5 5 4 0 0 
1 1 4 11 3 3 3 3 3 3 4 1 1 1 1 1 1 1 1 1 1 1 1 1 1 1 1 1 0 1 0 0 0 0 1 0 4 1 10 3 3 3 3 3 0 4 0 1 
1 1 4 11 3 3 3 3 3 3 4 1 1 1 1 1 1 1 1 1 1 1 1 1 1 1 1 0 0 0 0 0 0 0 0 1 4 0 10 3 3 3 3 3 0 4 1 1 
1 1 4 1 3 3 3 3 1 1 4 1 1 1 1 1 1 1 1 1 1 1 1 1 1 1 1 0 0 0 0 0 0 0 0 1 4 0 10 3 3 3 3 3 0 4 1 1 
1 1 4 1 1 1 1 1 1 1 4 1 1 1 1 1 1 1 1 1 1 6 5 5 5 5 5 5 5 4 0 0 0 0 1 0 4 0 10 3 3 3 3 3 0 4 1 1 
1 1 5 5 5 5 5 5 5 5 1 1 1 1 1 1 1 1 1 1 1 4 10 3 3 3 3 3 3 4 0 1 1 1 1 1 4 0 10 3 3 3 3 3 0 4 0 1 
1 1 1 1 1 6 5 5 5 5 5 5 5 5 4 1 1 1 1 1 1 4 10 3 3 3 3 3 3 4 1 1 1 1 1 1 4 1 10 3 3 3 3 3 0 4 0 0 
1 1 1 1 1 4 1 3 12 12 12 3 3 0 4 1 1 1 1 1 1 4 10 3 3 3 3 3 3 4 1 1 1 1 1 1 4 1 1 3 3 3 0 0 0 4 0 0 
1 1 1 1 1 4 1 3 3 3 3 3 3 0 4 1 1 1 1 1 1 4 10 3 3 3 3 3 3 4 1 1 1 1 1 1 5 5 5 5 5 5 5 5 5 1 0 1 
1 1 1 1 1 4 1 3 3 3 3 3 3 0 4 1 1 1 1 1 1 4 10 3 3 3 3 3 3 4 1 1 6 5 5 5 5 5 5 5 4 1 1 1 1 1 1 1 
1 1 1 1 1 4 1 3 3 3 3 3 3 0 4 1 1 1 1 1 1 4 10 3 3 3 3 3 3 4 1 1 4 11 11 11 11 11 3 11 4 1 1 1 1 1 1 1 
1 1 1 1 1 4 1 3 3 3 3 3 3 0 4 1 1 1 1 1 1 4 1 3 3 3 3 1 1 4 1 1 4 11 3 3 3 3 3 11 4 1 1 1 1 1 1 1 
1 1 1 1 1 4 1 3 3 3 3 3 3 0 4 1 1 1 1 1 1 5 5 5 5 5 5 5 5 1 1 1 4 11 3 3 3 3 3 11 4 1 1 1 1 1 1 1 
1 1 1 1 1 4 1 1 3 3 3 0 0 0 4 1 1 1 1 1 1 1 1 1 1 1 1 1 1 1 1 1 4 11 3 3 3 3 3 11 4 1 1 1 1 1 1 1 
1 1 1 1 1 5 5 5 5 5 5 5 5 5 1 1 1 1 1 1 1 1 1 1 1 1 1 1 1 1 1 1 4 11 3 3 3 3 3 11 4 1 1 1 1 1 1 1 
1 1 1 1 1 1 1 1 1 0 0 0 0 1 1 1 1 1 1 1 1 1 1 1 1 1 1 1 1 1 1 1 4 11 3 3 3 3 3 11 4 1 1 1 1 1 1 1 
1 1 1 1 1 1 1 1 1 0 0 0 0 1 1 1 1 1 1 1 1 1 1 1 1 1 1 1 1 1 1 1 4 1 11 11 11 11 1 1 4 1 1 1 1 1 1 1 
1 1 1 1 1 1 1 1 1 1 0 0 1 1 1 1 1 1 1 1 1 1 0 0 0 1 1 1 1 1 1 1 5 5 5 5 5 5 5 5 1 1 1 1 1 1 1 1 
1 1 1 1 1 1 1 1 1 1 1 1 1 1 1 1 1 1 1 1 1 0 0 0 0 0 0 0 1 1 0 0 0 1 0 0 0 0 0 0 1 0 0 0 1 1 1 1 
1 1 1 1 1 1 1 1 1 1 1 1 1 1 1 1 1 1 1 1 1 0 0 0 0 0 0 0 0 0 0 0 0 0 0 0 0 0 0 0 0 0 0 0 0 1 1 1 
1 1 1 1 1 1 1 1 1 1 1 1 1 1 1 1 1 1 1 1 1 1 0 0 0 0 1 0 0 0 0 0 0 0 1 1 0 0 0 0 0 0 0 0 0 1 1 1 
1 1 1 1 1 1 1 1 1 1 1 1 1 1 1 1 1 1 1 1 1 1 1 0 0 0 1 1 0 0 0 0 0 0 1 0 0 0 0 0 0 0 0 0 0 1 1 1 
1 6 5 5 5 5 5 5 5 5 5 5 5 5 5 5 5 5 5 5 5 5 5 5 5 5 5 5 5 5 5 5 5 5 5 5 5 5 5 5 5 5 5 5 5 5 5 4 
1 4 1 1 1 1 1 1 1 1 1 1 1 1 1 1 1 1 1 1 1 1 1 0 0 0 0 0 0 0 0 0 0 0 0 0 1 0 0 0 0 0 0 0 0 0 1 4 
1 4 1 1 1 1 1 1 1 1 1 1 1 1 1 1 1 1 1 1 1 1 1 0 0 0 0 0 0 0 0 0 0 0 0 0 1 1 1 0 1 1 0 0 0 0 1 4 
1 4 1 1 1 1 1 1 1 1 1 1 1 1 1 1 1 1 1 1 1 1 1 0 0 0 0 0 1 1 1 0 0 0 0 0 1 1 1 1 0 1 0 0 0 1 1 4 
1 4 1 1 0 0 1 1 1 1 1 1 1 1 1 1 1 1 1 1 1 1 0 0 0 0 0 1 1 1 1 1 1 0 0 1 1 1 1 0 0 0 0 0 0 0 1 4 
1 4 1 0 0 0 0 1 1 1 1 1 1 1 1 1 1 1 1 1 1 0 0 0 0 0 0 1 1 1 1 1 1 1 1 1 1 1 1 0 0 0 0 0 0 0 1 4 
1 4 1 0 0 0 0 1 1 1 1 1 1 1 1 1 1 1 1 1 1 0 0 0 0 0 0 1 1 1 1 1 1 1 1 1 1 1 1 1 0 0 0 0 0 0 1 4 
1 4 1 1 0 0 1 1 1 1 1 1 1 1 1 1 1 1 1 1 0 0 0 0 0 0 1 1 1 1 1 1 1 1 1 1 1 1 1 1 1 0 0 0 0 1 1 4 
1 4 1 1 1 1 1 1 1 1 0 0 0 0 1 1 1 1 1 0 0 0 0 0 0 0 0 0 1 1 1 1 1 1 1 1 1 1 1 1 1 1 1 0 0 0 0 4 
1 4 1 1 1 1 1 1 1 0 0 0 0 0 0 1 1 1 1 0 0 0 0 0 0 0 0 0 0 1 1 1 1 1 1 1 1 1 1 1 1 1 1 1 0 0 0 4 
1 4 1 1 1 1 1 1 1 0 0 0 0 0 0 1 1 1 1 1 0 0 0 0 0 0 0 0 0 1 1 1 1 1 1 1 1 1 1 1 1 1 1 0 0 0 0 4 
1 4 1 1 1 1 1 1 1 0 0 0 0 0 0 1 1 1 1 1 1 1 1 1 0 0 0 0 0 1 1 1 1 1 1 1 1 1 1 1 1 1 1 0 0 0 0 4 
1 4 1 1 1 1 1 1 1 0 0 0 0 0 0 1 1 1 1 1 1 1 1 1 0 0 0 0 0 1 1 1 1 1 1 1 1 1 1 1 1 1 1 1 0 0 1 4 
1 5 5 5 5 5 5 5 5 5 5 5 5 5 5 5 5 5 5 5 5 5 5 5 5 5 5 5 5 5 5 5 5 5 5 5 5 5 5 5 5 5 5 5 5 5 5 1 
1 1 1 1 1 1 1 1 1 1 1 0 0 1 1 1 1 1 1 1 1 1 1 1 1 0 0 0 1 1 1 1 1 1 1 1 1 1 1 1 1 1 1 1 1 1 1 1 
