1 1 1 1 1 1 1 1 0 0 1 1 1 1 1 1 1 1 1 1 1 1 1 1 1 1 1 1 1 1 1 1 1 1 1 1 1 1 1 1 1 1 1 0 0 0 0 1 
1 1 1 1 0 0 1 0 0 0 0 0 1 1 1 1 1 1 1 1 1 1 1 1 1 1 1 1 1 1 1 1 1 1 6 5 5 5 5 5 5 5 4 0 0 0 0 0 
1 1 1 0 0 0 0 0 0 0 0 0 0 1 1 1 1 1 1 1 1 1 1 1 1 1 1 1 1 1 1 1 1 1 4 1 1 1 1 1 1 1 4 0 0 0 0 0 
1 1 1 0 0 0 0 0 0 0 0 0 0 1 1 1 1 1 1 1 1 1 6 5 5 5 5 5 5 5 5 4 0 0 4 4 4 4 4 4 4 1 4 0 0 0 0 0 
1 1 1 1 0 0 1 1 1 0 0 0 0 1 1 1 1 1 1 1 1 1 4 1 1 11 1 1 1 1 1 4 0 0 4 4 4 4 4 4 4 1 4 0 0 0 0 1 
1 1 1 1 1 1 1 1 1 1 0 0 0 1 0 1 1 1 1 1 1 1 4 1 14 1 3 1 1 1 1 4 0 0 4 4 4 4 4 4 4 1 4 0 0 0 1 1 
1 1 1 1 1 1 1 1 1 1 0 0 0 0 0 0 1 1 1 1 1 1 4 1 1 0 1 1 1 1 0 4 0 0 4 4 4 4 4 4 4 1 4 1 0 0 1 1 
1 1 1 1 1 1 1 1 1 0 0 0 0 0 0 0 1 1 1 1 1 1 4 1 13 12 1 1 1 0 0 4 0 0 4 4 4 4 4 4 4 1 4 0 0 0 1 1 
1 1 1 1 1 1 1 1 1 0 0 0 0 0 0 1 1 1 1 1 1 1 4 1 0 11 3 1 1 0 0 4 0 0 4 0 0 1 1 1 1 1 4 0 0 0 1 1 
1 1 1 1 6 5 5 5 5 5 5 5 5 4 1 1 1 1 1 1 1 1 4 1 1 1 1 1 1 0 0 4 0 0 4 0 1 1 1 1 1 1 4 0 0 0 1 1 
1 1 1 1 4 1 1 1 1 1 1 1 1 4 1 1 1 1 1 1 1 1 4 1 1 1 0 0 0 0 0 4 0 0 5 5 5 5 5 5 5 5 1 0 0 1 1 1 
1 1 1 1 4 1 14 1 3 1 1 1 1 4 1 1 1 1 1 1 1 1 5 5 5 5 5 5 5 5 5 1 0 1 1 1 1 1 1 1 1 1 1 1 1 1 1 1 
1 1 1 1 4 1 1 0 1 1 1 1 1 4 1 1 1 1 1 1 1 1 1 1 1 1 0 0 1 1 1 0 0 1 1 1 1 1 1 1 1 1 1 1 1 1 1 1 
1 1 1 1 4 1 13 12 1 1 1 1 1 4 1 6 5 5 5 5 5 5 5 4 1 0 0 0 0 1 0 0 1 1 1 1 1 1 1 1 1 1 1 1 1 1 1 1 
1 1 1 1 4 1 0 11 3 1 1 0 0 4 1 4 1 1 11 1 1 1 1 4 1 0 0 0 0 0 0 0 1 1 1 6 5 5 5 5 5 5 5 4 1 1 1 1 
1 1 1 1 4 1 1 1 1 1 1 0 0 4 1 4 1 14 1 3 1 1 1 4 1 1 0 0 0 0 0 0 0 1 1 4 1 1 1 1 1 1 1 4 1 1 1 1 
1 1 1 1 4 1 1 0 0 0 0 0 0 4 1 4 1 1 0 1 1 1 1 4 1 1 1 0 0 0 0 0 0 1 1 4 1 14 1 3 1 1 1 4 1 1 1 1 
1 1 1 1 4 1 0 0 0 0 0 0 0 4 1 4 1 13 12 1 1 1 1 4 1 1 1 1 1 1 0 0 1 1 1 4 1 1 0 1 1 1 1 4 1 1 1 1 
1 1 1 1 5 5 5 5 5 5 5 5 5 1 1 4 1 0 11 3 1 1 1 4 1 1 1 1 1 1 1 1 1 1 1 4 1 13 12 1 1 1 1 4 1 1 1 1 
1 1 1 1 1 1 1 0 0 0 0 1 1 1 1 4 1 1 1 1 1 1 1 4 1 6 5 5 5 5 5 5 5 5 4 4 1 0 11 3 1 1 1 4 1 1 1 1 
1 0 0 1 1 1 1 1 1 1 1 1 1 1 1 4 1 1 1 1 1 1 1 4 1 4 1 1 1 1 1 1 1 1 4 4 1 1 1 1 1 1 1 4 1 1 1 1 
0 0 0 0 1 1 1 1 1 1 1 1 6 5 5 5 5 5 5 5 5 4 5 1 1 4 1 14 1 3 1 1 1 1 4 4 1 1 1 1 1 1 1 4 0 0 0 1 
0 0 0 0 1 1 1 1 1 1 1 1 4 1 1 11 1 1 1 1 1 4 1 1 1 4 1 1 0 1 1 1 1 1 4 4 1 1 1 1 1 1 1 4 0 0 0 0 
1 0 0 1 1 1 1 1 1 1 1 1 4 1 14 1 3 1 1 1 0 4 1 1 1 4 1 13 12 1 1 1 1 1 4 5 5 5 5 5 5 5 5 1 0 0 0 0 
1 1 1 1 1 1 1 1 1 1 1 1 4 1 1 0 1 1 1 0 0 4 0 1 1 4 1 0 11 3 1 1 1 1 4 1 0 0 0 0 0 1 0 0 0 0 0 1 
1 1 1 1 1 1 1 1 1 1 1 1 4 1 13 12 1 1 1 0 0 4 0 1 1 4 1 1 1 1 1 1 1 1 4 1 0 0 0 0 0 0 0 1 1 1 1 1 
1 1 1 0 0 1 1 1 1 1 1 1 4 1 0 11 3 1 1 0 0 4 0 1 1 4 1 1 1 1 1 1 1 1 4 1 1 0 0 0 0 0 0 0 1 1 1 1 
1 1 0 0 0 0 1 1 1 1 1 1 4 1 1 1 1 1 1 1 1 4 0 0 1 4 1 1 1 1 1 1 1 1 4 1 1 1 0 0 0 0 0 0 1 1 1 1 
1 1 0 0 0 0 1 1 1 1 1 1 4 1 1 1 1 1 1 1 0 4 0 0 0 5 5 5 5 5 5 5 5 5 1 1 1 1 0 0 0 0 0 0 0 1 1 1 
1 1 1 0 0 1 1 1 1 1 1 1 5 5 5 5 5 5 5 5 5 1 0 0 0 1 1 1 1 1 1 1 1 1 1 1 1 1 1 0 0 0 0 0 0 1 1 1 
1 1 1 1 1 1 1 1 1 1 1 1 1 1 1 1 1 0 0 0 0 0 0 0 1 1 1 1 1 1 1 1 1 1 1 1 1 1 1 0 0 1 0 0 1 1 1 1 
1 1 1 1 1 1 1 1 1 1 1 1 1 1 1 1 1 0 0 0 0 0 1 1 1 1 1 1 0 0 1 1 1 1 1 1 1 1 0 0 0 1 1 1 1 1 1 1 
1 1 1 1 1 1 1 1 1 1 1 1 1 1 1 1 1 0 0 0 0 1 1 1 1 1 1 0 0 0 0 1 1 1 1 1 1 0 0 0 0 1 1 1 1 1 1 1 
1 6 5 5 5 5 5 5 5 5 5 5 5 5 5 5 5 5 5 5 5 5 5 5 5 5 5 5 5 5 5 5 5 5 5 5 5 5 5 5 5 5 5 5 5 5 5 4 
1 4 1 1 1 1 1 1 1 1 1 1 1 1 1 0 0 0 0 1 1 1 1 1 1 1 1 1 0 0 1 1 1 1 1 1 0 0 0 0 1 1 1 1 1 1 1 4 
1 4 1 1 1 1 1 1 1 1 1 1 1 1 0 0 0 0 0 1 1 1 1 1 1 1 1 1 1 1 1 1 1 1 1 0 0 0 0 0 1 1 1 1 1 1 1 4 
1 4 1 1 1 1 1 1 1 1 1 1 1 0 0 0 0 0 1 1 1 1 1 1 1 1 1 1 1 1 1 1 1 1 1 0 0 0 0 0 1 1 1 1 1 1 1 4 
1 4 1 1 1 1 1 0 0 0 0 1 1 0 0 0 1 1 1 1 1 1 1 1 1 1 1 1 1 1 1 1 1 1 1 1 0 0 0 1 1 1 1 1 1 1 1 4 
1 4 1 1 1 1 0 0 0 0 0 0 1 0 0 0 1 1 1 1 1 1 1 1 1 1 1 1 1 1 1 1 1 1 1 1 1 1 1 1 1 1 1 1 1 1 1 4 
1 4 1 1 1 0 0 0 0 1 1 0 0 0 0 0 1 1 1 1 1 1 1 1 1 1 1 1 1 1 1 1 1 1 1 1 1 1 1 1 1 1 1 1 1 1 1 4 
1 4 1 1 1 0 0 0 0 0 1 0 0 0 0 0 1 1 1 1 1 1 1 1 1 1 1 1 1 1 1 1 1 1 1 1 1 1 1 1 1 1 1 1 1 1 1 4 
1 4 1 1 1 1 0 0 0 0 0 0 0 0 0 0 0 1 1 1 1 1 1 1 1 1 1 1 1 1 1 1 1 1 1 1 1 1 1 1 1 1 1 1 1 1 1 4 
1 4 1 1 1 1 1 1 0 0 0 0 0 0 0 0 0 0 1 1 1 1 1 1 1 1 1 1 1 1 1 1 1 1 1 1 1 1 1 1 1 1 1 1 1 1 1 4 
1 4 1 1 1 1 1 1 0 0 0 0 1 1 0 0 0 0 0 1 1 1 1 1 1 1 1 1 1 1 1 1 1 1 1 1 1 1 1 1 1 1 1 1 1 1 1 4 
1 4 1 1 1 1 1 1 1 0 0 0 0 1 1 1 0 0 0 1 1 1 1 1 1 1 1 1 1 1 1 1 1 1 1 1 1 1 1 1 1 1 1 1 1 1 1 4 
1 4 1 1 1 1 1 1 1 1 0 0 0 0 1 0 0 0 1 1 1 1 1 1 1 1 1 1 1 1 1 1 1 1 1 1 1 1 1 1 1 1 1 1 1 1 1 4 
1 5 5 5 5 5 5 5 5 5 5 5 5 5 5 5 5 5 5 5 5 5 5 5 5 5 5 5 5 5 5 5 5 5 5 5 5 5 5 5 5 5 5 5 5 5 5 1 
1 1 1 1 1 1 1 1 1 1 1 1 1 1 0 0 1 1 1 1 1 1 1 1 1 1 1 1 1 1 1 1 1 1 1 1 1 1 1 1 1 1 1 1 1 1 1 1 
